%×îÖÕ½á¹û
quality1 = -7.153719425201
quality2 = -6.981819629669
quality3 = -14.445038795471
quality4 = -10.840778350830
quality5 = -8.211275100708
quality6 = -7.851947784424
quality7 = -9.838607788086
quality8 = -7.846680164337
quality9 = -9.671156883240
quality10 = -8.176409721375
quality11 = -8.104241371155
quality12 = -7.724114418030
quality13 = -10.268102645874
quality14 = -10.864472389221
quality15 = -9.143636703491
quality16 = -7.982193470001
quality17 = -10.757555007935
quality18 = -8.751789093018
quality19 = -9.002902984619
quality20 = -8.669679641724