% ×îÖÕ½á¹û
quality1 = -10.039206504822
quality2 = -9.649868011475
quality3 = -13.465803146362
quality4 = -12.005693435669
quality5 = -11.174251556396
quality6 = -10.655323982239
quality7 = -10.704233169556
quality8 = -10.525549888611
quality9 = -10.113432884216
quality10 = -8.877439498901
quality11 = -14.537534713745
quality12 = -11.424223899841
quality13 = -13.164214134216
quality14 = -11.210297584534
quality15 = -13.509704589844
quality16 = -11.207905769348
quality17 = -13.483632087708
quality18 = -11.655541419983
quality19 = -13.834650039673
quality20 = -11.571870803833