%×îÖÕ½á¹û
quality1 = -8.507217407227
quality2 = -7.526661396027
quality3 = -10.138498306274
quality4 = -9.506517410278
quality5 = -9.558951377869
quality6 = -9.299577713013
quality7 = -9.743663787842
quality8 = -8.935669898987
quality9 = -10.566902160645
quality10 = -8.595461845398
quality11 = -8.700399398804
quality12 = -8.277959823608
quality13 = -12.419798851013
quality14 = -12.298134803772
quality15 = -9.199636459351
quality16 = -9.433032989502
quality17 = -12.532873153687
quality18 = -9.963647842407
quality19 = -10.449195861816
quality20 = -9.552687644958