% orig作为输入
quality1 = -8.223530769348
quality2 = -8.049134254456
quality3 = -11.469397544861
quality4 = -9.895124435425
quality5 = -15.667257308960
quality6 = -9.801609039307
quality7 = -9.865791320801
quality8 = -9.733793258667
quality9 = -10.375580787659
quality10 = -8.898944854736
quality11 = -9.286240577698
quality12 = -9.260313987732
quality13 = -13.725221633911
quality14 = -13.101264953613
quality15 = -9.834028244019
quality16 = -10.652461051941
quality17 = -12.809436798096
quality18 = -10.446003913879
quality19 = -11.297025680542
quality20 = -10.657391548157

%blurred作为输入 0.png
quality1 = -8.436633110046
quality2 = -8.341419219971
quality3 = -11.449658393860
quality4 = -10.484553337097
quality5 = -17.120052337646
quality6 = -10.113182067871
quality7 = -9.925746917725
quality8 = -9.923542022705
quality9 = -10.935798645020
quality10 = -9.518013954163
quality11 = -9.437685012817
quality12 = -9.578683853149
quality13 = -13.356780052185
quality14 = -12.941278457642
quality15 = -9.946506500244
quality16 = -11.118467330933
quality17 = -12.748639106750
quality18 = -10.957945823669
quality19 = -11.295992851257
quality20 = -10.821112632751

%blurred作为输入 3.png
quality1 = -8.277729034424
quality2 = -8.085576057434
quality3 = -11.535032272339
quality4 = -10.011427879333
quality5 = -17.141334533691
quality6 = -9.850111007690
quality7 = -9.914489746094
quality8 = -9.736912727356
quality9 = -10.806325912476
quality10 = -8.999361991882
quality11 = -9.328255653381
quality12 = -9.335810661316
quality13 = -13.796215057373
quality14 = -12.923610687256
quality15 = -9.865858078003
quality16 = -10.779119491577
quality17 = -12.881788253784
quality18 = -10.580688476563
quality19 = -11.290263175964
quality20 = -10.667842864990

% 最终结果
quality1 = -8.436633110046
quality2 = -8.085576057434
quality3 = -11.449658393860
quality4 = -10.011427879333
quality5 = -17.120052337646
quality6 = -9.850111007690
quality7 = -9.925746917725
quality8 = -9.736912727356
quality9 = -10.935798645020
quality10 = -8.999361991882
quality11 = -9.437685012817
quality12 = -9.335810661316
quality13 = -13.356780052185
quality14 = -12.923610687256
quality15 = -9.946506500244
quality16 = -10.779119491577
quality17 = -12.748639106750
quality18 = -10.580688476563
quality19 = -11.295992851257
quality20 = -10.667842864990
