% ×îÖÕ½á¹û
quality1 = -9.209109306335
quality2 = -8.034472465515
quality3 = -11.607235908508
quality4 = -10.087519645691
quality5 = -9.862297058105
quality6 = -9.473848342896
quality7 = -10.687005996704
quality8 = -8.998941421509
quality9 = -20.627212524414
quality10 = -18.300846099854
quality11 = -8.721460342407
quality12 = -9.042753219604
quality13 = -14.771932601929
quality14 = -13.406746864319
quality15 = -11.263048171997
quality16 = -10.902709007263
quality17 = -13.037051200867
quality18 = -10.080418586731
quality19 = -10.798398017883
quality20 = -10.035434722900