%×îÖÕ½á¹û
quality1 = -5.516326904297
quality2 = -5.462472915649
quality3 = -8.482496261597
quality4 = -7.606437206268
quality5 = -6.639880180359
quality6 = -6.482351303101
quality7 = -6.615868568420
quality8 = -6.301840305328
quality9 = -7.279603004456
quality10 = -6.452277660370
quality11 = -5.658925056458
quality12 = -6.005667209625
quality13 = -10.472927093506
quality14 = -9.049956321716
quality15 = -6.347153663635
quality16 = -6.358512878418
quality17 = -9.104685783386
quality18 = -7.510308742523
quality19 = -9.187952995300
quality20 = -7.234443187714