quality1 = -8.927132606506
quality2 = -8.464302062988
quality3 = -10.658228874207
quality4 = -9.345648765564
quality5 = -9.535861015320
quality6 = -8.650567054749
quality7 = -9.528744697571
quality8 = -9.041104316711
quality9 = -14.208067893982
quality10 = -11.926677703857
quality11 = -9.138139724731
quality12 = -8.707777023315
quality13 = -12.263213157654
quality14 = -12.016988754272
quality15 = -9.541435241699
quality16 = -9.483586311340
quality17 = -10.444340705872
quality18 = -9.737010955811
quality19 = -11.744011878967
quality20 = -9.859532356262

%×îÖÕ½á¹û
quality1 = -9.200737953186
quality2 = -8.510228157043
quality3 = -11.098153114319
quality4 = -9.398864746094
quality5 = -9.872369766235
quality6 = -8.678818702698
quality7 = -9.823955535889
quality8 = -9.055787086487
quality9 = -15.320398330688
quality10 = -12.842949867249
quality11 = -9.515941619873
quality12 = -8.738506317139
quality13 = -12.591521263123
quality14 = -11.942348480225
quality15 = -9.689598083496
quality16 = -9.502337455750
quality17 = -10.965235710144
quality18 = -9.902655601501
quality19 = -11.758405685425
quality20 = -9.858764648438