% ×îÖÕ½á¹û
quality1 = -9.928552627563
quality2 = -6.913335800171
quality3 = -10.133061408997
quality4 = -8.238264083862
quality5 = -11.736975669861
quality6 = -7.811056613922
quality7 = -7.959162235260
quality8 = -7.657393455505
quality9 = -17.050815582275
quality10 = -13.960633277893
quality11 = -7.822791576385
quality12 = -7.665775775909
quality13 = -10.689633369446
quality14 = -11.360045433044
quality15 = -9.815141677856
quality16 = -8.514104843140
quality17 = -10.676509857178
quality18 = -8.936227798462
quality19 = -8.940739631653
quality20 = -8.645614624023