%×îÖÕ½á¹û
quality1 = -9.604048728943
quality2 = -8.232637405396
quality3 = -10.749315261841
quality4 = -9.862410545349
quality5 = -11.054100036621
quality6 = -9.969851493835
quality7 = -10.456883430481
quality8 = -10.176081657410
quality9 = -9.863607406616
quality10 = -8.466170310974
quality11 = -11.351453781128
quality12 = -10.274555206299
quality13 = -13.560585021973
quality14 = -11.565442085266
quality15 = -10.136881828308
quality16 = -10.663819313049
quality17 = -13.572682380676
quality18 = -11.295080184937
quality19 = -12.784185409546
quality20 = -10.809823036194