%×îÖÕ½á¹û
quality1 = -5.961773395538
quality2 = -6.170112609863
quality3 = -11.019120216370
quality4 = -9.387778282166
quality5 = -7.892745494843
quality6 = -7.722054958344
quality7 = -8.019912719727
quality8 = -7.614656448364
quality9 = -9.549816131592
quality10 = -7.807683467865
quality11 = -6.797920703888
quality12 = -7.315614700317
quality13 = -11.382892608643
quality14 = -11.097271919250
quality15 = -10.474359512329
quality16 = -8.074324607849
quality17 = -9.890698432922
quality18 = -8.912022590637
quality19 = -7.763210296631
quality20 = -7.857711315155