quality1 = -6.508893013000
quality2 = -6.402311325073
quality3 = -9.502840995789
quality4 = -8.854063987732
quality5 = -7.661871910095
quality6 = -7.167962551117
quality7 = -7.794162750244
quality8 = -7.641627788544
quality9 = -7.834404945374
quality10 = -7.709297657013
quality11 = -10.617683410645
quality12 = -6.718032360077
quality13 = -11.769563674927
quality14 = -10.564816474915
quality15 = -8.145221710205
quality16 = -12.099583625793
quality17 = -9.594786643982
quality18 = -8.451177597046
quality19 = -11.368446350098
quality20 = -8.543048858643

%×îÖÕ½á¹û
quality1 = -6.885528564453
quality2 = -6.462823390961
quality3 = -9.557791709900
quality4 = -8.823806762695
quality5 = -8.008261680603
quality6 = -7.198469161987
quality7 = -8.141352653503
quality8 = -7.639286041260
quality9 = -8.310353279114
quality10 = -7.659774780273
quality11 = -10.494425773621
quality12 = -6.786636829376
quality13 = -11.653646469116
quality14 = -10.619826316833
quality15 = -8.309563636780
quality16 = -12.447566986084
quality17 = -10.148886680603
quality18 = -8.565471649170
quality19 = -11.177510261536
quality20 = -8.533769607544