%×îÖÕ½á¹û
quality1 = -7.772418975830
quality2 = -7.483538627625
quality3 = -10.817148208618
quality4 = -9.833094596863
quality5 = -8.893245697021
quality6 = -8.567734718323
quality7 = -8.994108200073
quality8 = -8.719455718994
quality9 = -12.131707191467
quality10 = -8.443641662598
quality11 = -13.441087722778
quality12 = -8.403988838196
quality13 = -12.418332099915
quality14 = -11.586654663086
quality15 = -12.567042350769
quality16 = -8.929165840149
quality17 = -12.008533477783
quality18 = -9.501427650452
quality19 = -12.030155181885
quality20 = -9.896271705627