%×îÖÕ½á¹û
quality1 = -10.032643318176
quality2 = -9.644990921021
quality3 = -13.423554420471
quality4 = -11.835977554321
quality5 = -17.018394470215
quality6 = -10.387168884277
quality7 = -10.991405487061
quality8 = -10.577094078064
quality9 = -11.370428085327
quality10 = -10.230113029480
quality11 = -15.565504074097
quality12 = -11.003635406494
quality13 = -13.013834953308
quality14 = -12.295447349548
quality15 = -12.466984748840
quality16 = -11.331919670105
quality17 = -13.222820281982
quality18 = -11.506303787231
quality19 = -12.600083351135
quality20 = -10.706694602966