% ×îÖÕ½á¹û
quality1 = -9.672673225403
quality2 = -8.456790924072
quality3 = -11.715495109558
quality4 = -8.261687278748
quality5 = -9.746962547302
quality6 = -7.890764236450
quality7 = -8.334576606750
quality8 = -8.175569534302
quality9 = -12.173930168152
quality10 = -9.851770401001
quality11 = -10.368076324463
quality12 = -8.832937240601
quality13 = -11.057997703552
quality14 = -10.028532028198
quality15 = -10.129849433899
quality16 = -8.399971961975
quality17 = -11.132639884949
quality18 = -9.327352523804
quality19 = -12.636981964111
quality20 = -9.343704223633