%×îÖÕ½á¹û
quality1 = -8.180891990662
quality2 = -7.885268211365
quality3 = -10.718575477600
quality4 = -9.573106765747
quality5 = -9.153636932373
quality6 = -8.903332710266
quality7 = -9.156712532043
quality8 = -9.016589164734
quality9 = -11.178021430969
quality10 = -9.391584396362
quality11 = -8.655324935913
quality12 = -8.456908226013
quality13 = -12.198555946350
quality14 = -11.719863891602
quality15 = -9.331972122192
quality16 = -9.461580276489
quality17 = -12.196848869324
quality18 = -9.704854011536
quality19 = -11.508935928345
quality20 = -9.761186599731