quality1 = -9.005099296570
quality2 = -8.713236808777
quality3 = -11.480034828186
quality4 = -9.896301269531
quality5 = -9.757854461670
quality6 = -9.404680252075
quality7 = -9.817526817322
quality8 = -9.587619781494
quality9 = -11.190647125244
quality10 = -9.535637855530
quality11 = -8.740924835205
quality12 = -8.731549263000
quality13 = -12.760479927063
quality14 = -11.723178863525
quality15 = -10.918502807617
quality16 = -9.745335578918
quality17 = -11.339089393616
quality18 = -10.480500221252
quality19 = -10.476760864258
quality20 = -10.165010452271

%×îÖÕ½á¹û
quality1 = -9.360745429993
quality2 = -8.755050659180
quality3 = -11.605372428894
quality4 = -9.934121131897
quality5 = -10.291013717651
quality6 = -9.442973136902
quality7 = -10.240957260132
quality8 = -9.630465507507
quality9 = -12.078243255615
quality10 = -9.564373970032
quality11 = -9.325985908508
quality12 = -8.908145904541
quality13 = -13.290075302124
quality14 = -11.838236808777
quality15 = -11.044993400574
quality16 = -9.753761291504
quality17 = -13.391583442688
quality18 = -11.228732109070
quality19 = -10.708664894104
quality20 = -10.167483329773