%×îÖÕ½á¹û
quality1 = -8.197327613831
quality2 = -8.043764114380
quality3 = -11.697727203369
quality4 = -10.173960685730
quality5 = -9.860266685486
quality6 = -9.320827484131
quality7 = -9.439604759216
quality8 = -9.363187789917
quality9 = -10.280987739563
quality10 = -8.855703353882
quality11 = -14.121882438660
quality12 = -8.898036003113
quality13 = -12.559691429138
quality14 = -11.886663436890
quality15 = -12.462939262390
quality16 = -10.304674148560
quality17 = -12.781538009644
quality18 = -10.875049591064
quality19 = -11.786211013794
quality20 = -9.284008979797