quality1 = -6.933648109436
quality2 = -6.861359119415
quality3 = -9.694484710693
quality4 = -8.596822738647
quality5 = -7.893488883972
quality6 = -7.865962982178
quality7 = -7.830229282379
quality8 = -7.340422630310
quality9 = -12.739546775818
quality10 = -8.375625610352
quality11 = -10.975811958313
quality12 = -6.874572753906
quality13 = -11.696250915527
quality14 = -10.785569190979
quality15 = -7.011784076691
quality16 = -9.957683563232
quality17 = -10.398394584656
quality18 = -8.425518989563
quality19 = -10.979570388794
quality20 = -7.998535156250

% ×îÖÕ½á¹û
quality1 = -7.082351684570
quality2 = -6.918737411499
quality3 = -9.540271759033
quality4 = -8.680057525635
quality5 = -8.045811653137
quality6 = -7.890542030334
quality7 = -7.954411506653
quality8 = -7.365321636200
quality9 = -12.931144714355
quality10 = -8.281318664551
quality11 = -11.641624450684
quality12 = -6.965009212494
quality13 = -11.575019836426
quality14 = -10.754478454590
quality15 = -7.143282890320
quality16 = -9.978756904602
quality17 = -10.563231468201
quality18 = -8.539937019348
quality19 = -10.831863403320
quality20 = -8.017312049866