quality1 = -7.629771709442
quality2 = -7.288484573364
quality3 = -9.505501747131
quality4 = -8.262887954712
quality5 = -8.046628952026
quality6 = -7.863791465759
quality7 = -8.055860519409
quality8 = -7.731256008148
quality9 = -11.953560829163
quality10 = -8.607870101929
quality11 = -7.641611576080
quality12 = -7.483180522919
quality13 = -11.729622840881
quality14 = -10.397823333740
quality15 = -10.669781684875
quality16 = -7.958105087280
quality17 = -11.014493942261
quality18 = -8.784784317017
quality19 = -8.506231307983
quality20 = -8.431529045105

%×îÖÕ½á¹û
quality1 = -7.899021625519
quality2 = -7.322656154633
quality3 = -10.136483192444
quality4 = -8.317312240601
quality5 = -8.216543197632
quality6 = -7.871660232544
quality7 = -8.245429992676
quality8 = -7.753008365631
quality9 = -13.284338951111
quality10 = -8.769746780396
quality11 = -7.762106895447
quality12 = -7.512918949127
quality13 = -11.765651702881
quality14 = -10.237565040588
quality15 = -10.967204093933
quality16 = -7.958660125732
quality17 = -10.875434875488
quality18 = -8.882170677185
quality19 = -8.658581733704
quality20 = -8.439332962036