%×îÖÕ½á¹û
quality1 = -5.700020313263
quality2 = -5.556616783142
quality3 = -7.912269592285
quality4 = -7.102777957916
quality5 = -6.633324623108
quality6 = -6.263904571533
quality7 = -6.482579231262
quality8 = -6.364188671112
quality9 = -12.293964385986
quality10 = -10.052377700806
quality11 = -8.716713905334
quality12 = -5.816564083099
quality13 = -10.868556976318
quality14 = -9.641251564026
quality15 = -6.394966125488
quality16 = -6.028893470764
quality17 = -9.322387695313
quality18 = -7.494924068451
quality19 = -7.402259826660
quality20 = -6.599179267883