quality1 = -8.398479461670
quality2 = -8.342075347900
quality3 = -11.178405761719
quality4 = -10.421112060547
quality5 = -9.198405265808
quality6 = -9.608147621155
quality7 = -9.353993415833
quality8 = -9.515168190002
quality9 = -9.556029319763
quality10 = -8.860798835754
quality11 = -9.334156036377
quality12 = -9.031210899353
quality13 = -11.444552421570
quality14 = -13.242636680603
quality15 = -10.898117065430
quality16 = -9.649216651917
quality17 = -10.200380325317
quality18 = -9.477759361267
quality19 = -9.739594459534
quality20 = -9.205412864685

% ×îÖÕ½á¹û
quality1 = -8.452185630798
quality2 = -8.352659225464
quality3 = -11.019563674927
quality4 = -10.394353866577
quality5 = -9.208583831787
quality6 = -9.615171432495
quality7 = -9.362773895264
quality8 = -9.515460014343
quality9 = -9.643993377686
quality10 = -8.847932815552
quality11 = -9.364023208618
quality12 = -9.032640457153
quality13 = -11.421457290649
quality14 = -13.207557678223
quality15 = -11.107564926147
quality16 = -9.644141197205
quality17 = -10.325091362000
quality18 = -9.522076606750
quality19 = -9.784241676331
quality20 = -9.222236633301