%×îÖÕ½á¹û
quality1 = -8.049017906189
quality2 = -7.515493869781
quality3 = -10.415657043457
quality4 = -8.939482688904
quality5 = -9.102538108826
quality6 = -8.335344314575
quality7 = -8.908616065979
quality8 = -8.238671302795
quality9 = -13.441915512085
quality10 = -11.503241539001
quality11 = -8.374695777893
quality12 = -7.968204498291
quality13 = -11.976429939270
quality14 = -10.689211845398
quality15 = -10.702960968018
quality16 = -8.836219787598
quality17 = -11.115086555481
quality18 = -8.925290107727
quality19 = -9.406824111938
quality20 = -8.691926956177