quality1 = -7.783732891083
quality2 = -8.960507392883
quality3 = -11.597431182861
quality4 = -14.183769226074
quality5 = -8.843088150024
quality6 = -14.945965766907
quality7 = -9.431786537170
quality8 = -10.716110229492
quality9 = -12.988052368164
quality10 = -15.586577415466
quality11 = -8.270187377930
quality12 = -10.891852378845
quality13 = -13.816553115845
quality14 = -12.180882453918
quality15 = -13.348957061768
quality16 = -13.372430801392
quality17 = -12.547963142395
quality18 = -10.596908569336
quality19 = -10.293775558472
quality20 = -12.596836090088

%×îÖÕ½á¹û
quality1 = -7.923773765564
quality2 = -8.952785491943
quality3 = -11.981594085693
quality4 = -14.219670295715
quality5 = -9.070815086365
quality6 = -14.971908569336
quality7 = -9.635623931885
quality8 = -10.709534645081
quality9 = -13.056962013245
quality10 = -16.004705429077
quality11 = -8.615273475647
quality12 = -10.893888473511
quality13 = -13.661012649536
quality14 = -12.169213294983
quality15 = -13.863204956055
quality16 = -13.370201110840
quality17 = -12.382587432861
quality18 = -10.610528945923
quality19 = -10.583206176758
quality20 = -13.034410476685

