% ×îÖÕ½á¹û
quality1 = -7.985834598541
quality2 = -7.273365974426
quality3 = -11.195916175842
quality4 = -10.068357467651
quality5 = -9.474308013916
quality6 = -9.328392982483
quality7 = -9.631736755371
quality8 = -9.328055381775
quality9 = -12.090764045715
quality10 = -8.889000892639
quality11 = -8.273340225220
quality12 = -8.259752273560
quality13 = -15.655085563660
quality14 = -15.071665763855
quality15 = -11.201889991760
quality16 = -9.424834251404
quality17 = -11.277308464050
quality18 = -9.575039863586
quality19 = -11.248658180237
quality20 = -9.933135986328