quality1 = -8.161959648132
quality2 = -8.294737815857
quality3 = -11.916682243347
quality4 = -10.701033592224
quality5 = -9.822353363037
quality6 = -9.326932907104
quality7 = -9.743528366089
quality8 = -9.532732009888
quality9 = -9.441440582275
quality10 = -9.001650810242
quality11 = -8.555021286011
quality12 = -8.863574028015
quality13 = -12.884747505188
quality14 = -11.938996315002
quality15 = -11.182050704956
quality16 = -9.620710372925
quality17 = -13.174381256104
quality18 = -10.486852645874
quality19 = -9.892587661743
quality20 = -9.638428688049

%×îÖÕ½á¹û
quality1 = -8.439221382141
quality2 = -8.322997093201
quality3 = -11.882305145264
quality4 = -10.779422760010
quality5 = -10.194887161255
quality6 = -9.396574974060
quality7 = -10.032052040100
quality8 = -9.564885139465
quality9 = -10.102001190186
quality10 = -9.032282829285
quality11 = -8.683999061584
quality12 = -8.912313461304
quality13 = -13.067293167114
quality14 = -12.163166999817
quality15 = -11.390144348145
quality16 = -9.628729820251
quality17 = -13.398130416870
quality18 = -11.161623001099
quality19 = -10.010998725891
quality20 = -9.659277915955