quality1 = -6.985873222351
quality2 = -6.750945091248
quality3 = -11.483146667480
quality4 = -9.763321876526
quality5 = -7.678326129913
quality6 = -7.338031768799
quality7 = -7.877599239349
quality8 = -7.548338413239
quality9 = -9.473102569580
quality10 = -8.387288093567
quality11 = -7.217827796936
quality12 = -7.039496421814
quality13 = -13.543387413025
quality14 = -12.360371589661
quality15 = -8.127752304077
quality16 = -8.483612060547
quality17 = -9.442483901978
quality18 = -8.221733093262
quality19 = -8.608842849731
quality20 = -7.858922481537

%×îÖÕ½á¹û
quality1 = -7.132745742798
quality2 = -6.760633468628
quality3 = -11.171446800232
quality4 = -9.648662567139
quality5 = -7.755609989166
quality6 = -7.339286804199
quality7 = -7.968805789948
quality8 = -7.549798488617
quality9 = -9.373701095581
quality10 = -8.319396972656
quality11 = -7.335298538208
quality12 = -7.051906585693
quality13 = -13.285435676575
quality14 = -12.298406600952
quality15 = -8.180645942688
quality16 = -8.446327209473
quality17 = -9.782154083252
quality18 = -8.387971878052
quality19 = -8.692939758301
quality20 = -7.907111644745