% orig作为输入
quality1 = -7.687268257141
quality2 = -7.758679866791
quality3 = -10.000264167786
quality4 = -10.344166755676
quality5 = -9.096851348877
quality6 = -8.611413002014
quality7 = -9.224337577820
quality8 = -8.909034729004
quality9 = -10.579362869263
quality10 = -10.906510353088
quality11 = -7.898335456848
quality12 = -8.255333900452
quality13 = -11.842109680176
quality14 = -10.828288078308
quality15 = -10.361573219299
quality16 = -11.628757476807
quality17 = -12.666002273560
quality18 = -9.839022636414
quality19 = -10.109698295593
quality20 = -9.387882232666

% blurred image 作为输入 0.png
quality1 = -8.400214195251
quality2 = -8.193378448486
quality3 = -10.850464820862
quality4 = -10.717113494873
quality5 = -9.494710922241
quality6 = -9.025014877319
quality7 = -9.583389282227
quality8 = -9.425896644592
quality9 = -10.999237060547
quality10 = -12.316703796387
quality11 = -8.251663208008
quality12 = -8.894952774048
quality13 = -11.877673149109
quality14 = -10.989066123962
quality15 = -10.544325828552
quality16 = -12.520565032959
quality17 = -12.777958869934
quality18 = -10.295792579651
quality19 = -10.342589378357
quality20 = -9.690697669983

% blurred image 作为输入 3.png
quality1 = -8.111369132996
quality2 = -7.834990024567
quality3 = -10.484828948975
quality4 = -10.429617881775
quality5 = -9.257205963135
quality6 = -8.698260307312
quality7 = -9.362254142761
quality8 = -9.036022186279
quality9 = -11.114049911499
quality10 = -11.247987747192
quality11 = -7.969148635864
quality12 = -8.421009063721
quality13 = -12.021016120911
quality14 = -10.793618202209
quality15 = -10.455582618713
quality16 = -12.112212181091
quality17 = -12.985720634460
quality18 = -9.924901008606
quality19 = -10.159217834473
quality20 = -9.411991119385

% 最终结果
quality1 = -8.400214195251
quality2 = -7.834990024567
quality3 = -10.850464820862
quality4 = -10.429617881775
quality5 = -9.494710922241
quality6 = -8.698260307312
quality7 = -9.583389282227
quality8 = -9.425896644592
quality9 = -10.999237060547
quality10 = -11.247987747192
quality11 = -8.251663208008
quality12 = -8.421009063721
quality13 = -11.877673149109
quality14 = -10.793618202209
quality15 = -10.544325828552
quality16 = -12.112212181091
quality17 = -12.777958869934
quality18 = -9.924901008606
quality19 = -10.342589378357
quality20 = -9.411991119385

