% ×îÖÕ½á¹û
quality1 = -8.438138008118
quality2 = -8.360881805420
quality3 = -11.078903198242
quality4 = -9.402122497559
quality5 = -10.069607734680
quality6 = -11.429016113281
quality7 = -10.090962409973
quality8 = -10.676178932190
quality9 = -15.007011413574
quality10 = -13.495766639709
quality11 = -9.245720863342
quality12 = -9.710448265076
quality13 = -11.787569999695
quality14 = -12.138962745667
quality15 = -9.988762855530
quality16 = -9.509158134460
quality17 = -12.289498329163
quality18 = -10.502168655396
quality19 = -11.622819900513
quality20 = -11.685973167419