quality1 = -7.519641399384
quality2 = -6.973329544067
quality3 = -10.679727554321
quality4 = -8.653341293335
quality5 = -7.942852973938
quality6 = -7.836054325104
quality7 = -7.909979820251
quality8 = -7.957555770874
quality9 = -12.408349037170
quality10 = -11.063317298889
quality11 = -11.445560455322
quality12 = -8.984621047974
quality13 = -12.191059112549
quality14 = -10.851277351379
quality15 = -8.478610038757
quality16 = -8.913672447205
quality17 = -9.869411468506
quality18 = -8.777066230774
quality19 = -8.354626655579
quality20 = -8.654103279114

% ×îÖÕ½á¹û
quality1 = -7.772169113159
quality2 = -6.989482879639
quality3 = -10.501554489136
quality4 = -8.635075569153
quality5 = -8.079834938049
quality6 = -7.839811325073
quality7 = -8.029418945313
quality8 = -7.975573062897
quality9 = -12.838349342346
quality10 = -10.968277931213
quality11 = -11.294326782227
quality12 = -8.983620643616
quality13 = -12.039311408997
quality14 = -10.873679161072
quality15 = -8.573618888855
quality16 = -8.899431228638
quality17 = -10.166170120239
quality18 = -8.870317459106
quality19 = -8.500720977783
quality20 = -8.654934883118