quality1 = -8.519905090332
quality2 = -8.491482734680
quality3 = -14.232203483582
quality4 = -10.773974418640
quality5 = -9.604562759399
quality6 = -9.278989791870
quality7 = -9.612517356873
quality8 = -9.381803512573
quality9 = -10.446976661682
quality10 = -9.762780189514
quality11 = -8.795051574707
quality12 = -8.678966522217
quality13 = -12.731084823608
quality14 = -11.615041732788
quality15 = -12.022463798523
quality16 = -12.711408615112
quality17 = -12.323074340820
quality18 = -9.870235443115
quality19 = -13.014867782593
quality20 = -9.572657585144

%×îÖÕ½á¹û
quality1 = -8.931513786316
quality2 = -8.531976699829
quality3 = -14.088830947876
quality4 = -10.830979347229
quality5 = -10.071403503418
quality6 = -9.289597511292
quality7 = -10.060873031616
quality8 = -9.403408050537
quality9 = -10.817129135132
quality10 = -9.760582923889
quality11 = -9.332827568054
quality12 = -8.767592430115
quality13 = -12.505876541138
quality14 = -11.586463928223
quality15 = -12.500204086304
quality16 = -12.957262992859
quality17 = -12.942349433899
quality18 = -10.113434791565
quality19 = -12.869994163513
quality20 = -9.599015235901