%×îÖÕ½á¹û
quality1 = -7.832435131073
quality2 = -7.509503841400
quality3 = -11.345952987671
quality4 = -10.207721710205
quality5 = -9.309769630432
quality6 = -8.767474174500
quality7 = -9.035896301270
quality8 = -8.454883575439
quality9 = -10.192635536194
quality10 = -8.613307952881
quality11 = -9.146917343140
quality12 = -8.632633209229
quality13 = -13.192042350769
quality14 = -12.632429122925
quality15 = -8.890729904175
quality16 = -9.268736839294
quality17 = -12.767195701599
quality18 = -9.768252372742
quality19 = -10.969687461853
quality20 = -9.540744781494