%×îÖÕ½á¹û
quality1 = -7.788005352020
quality2 = -7.541953086853
quality3 = -8.645177841187
quality4 = -8.099716186523
quality5 = -9.178714752197
quality6 = -8.637725830078
quality7 = -8.739757537842
quality8 = -8.508725166321
quality9 = -10.278450965881
quality10 = -8.237383842468
quality11 = -9.551590919495
quality12 = -9.121482849121
quality13 = -11.124322891235
quality14 = -10.418277740479
quality15 = -9.827668190002
quality16 = -8.317778587341
quality17 = -10.984094619751
quality18 = -9.471286773682
quality19 = -10.337320327759
quality20 = -10.080104827881