%×îÖÕ½á¹û
quality1 = -9.881115913391
quality2 = -9.607700347900
quality3 = -13.199157714844
quality4 = -11.334641456604
quality5 = -11.034234046936
quality6 = -10.479224205017
quality7 = -10.773259162903
quality8 = -10.226603507996
quality9 = -10.948992729187
quality10 = -9.814279556274
quality11 = -10.547857284546
quality12 = -10.383614540100
quality13 = -13.202857971191
quality14 = -13.154953002930
quality15 = -13.066024780273
quality16 = -11.153811454773
quality17 = -13.786199569702
quality18 = -11.512317657471
quality19 = -12.769049644470
quality20 = -11.378840446472