%×îÖÕ½á¹û
quality1 = -7.773404598236
quality2 = -7.856517791748
quality3 = -10.836967468262
quality4 = -10.887310981750
quality5 = -9.321233749390
quality6 = -9.196228981018
quality7 = -8.928063392639
quality8 = -8.904702186584
quality9 = -10.028307914734
quality10 = -8.738522529602
quality11 = -8.664749145508
quality12 = -8.732126235962
quality13 = -12.155222892761
quality14 = -12.323232650757
quality15 = -8.928242683411
quality16 = -9.213913917542
quality17 = -12.586067199707
quality18 = -10.006075859070
quality19 = -10.348829269409
quality20 = -9.925580978394