quality1 = -8.932253837585
quality2 = -8.720455169678
quality3 = -12.260298728943
quality4 = -10.574563980103
quality5 = -10.129178047180
quality6 = -9.549635887146
quality7 = -10.132727622986
quality8 = -9.903539657593
quality9 = -9.806345939636
quality10 = -9.979554176331
quality11 = -8.950355529785
quality12 = -9.220739364624
quality13 = -13.127880096436
quality14 = -12.790453910828
quality15 = -10.345419883728
quality16 = -10.201412200928
quality17 = -11.050045013428
quality18 = -10.378597259521
quality19 = -10.075899124146
quality20 = -10.063907623291

%×îÖÕ½á¹û
quality1 = -9.249990463257
quality2 = -8.752488136292
quality3 = -12.297423362732
quality4 = -10.608558654785
quality5 = -10.480864524841
quality6 = -9.572680473328
quality7 = -10.433126449585
quality8 = -9.910858154297
quality9 = -9.896721839905
quality10 = -9.979479789734
quality11 = -9.086340904236
quality12 = -9.245299339294
quality13 = -13.182947158813
quality14 = -12.772179603577
quality15 = -10.503092765808
quality16 = -10.207722663879
quality17 = -11.604298591614
quality18 = -10.535535812378
quality19 = -10.251429557800
quality20 = -10.072030067444