% orig作为输入
quality1 = -8.249023437500
quality2 = -8.087770462036
quality3 = -12.388427734375
quality4 = -10.138895034790
quality5 = -9.442198753357
quality6 = -9.369935989380
quality7 = -9.515914916992
quality8 = -9.864151000977
quality9 = -11.231154441833
quality10 = -10.864075660706
quality11 = -8.744975090027
quality12 = -8.528961181641
quality13 = -12.736274719238
quality14 = -11.427178382874
quality15 = -13.011972427368
quality16 = -10.973382949829
quality17 = -11.175050735474
quality18 = -9.743630409241
quality19 = -10.746790885925
quality20 = -9.357372283936

%最终结果
quality1 = -8.642776489258
quality2 = -8.152935028076
quality3 = -13.309201240540
quality4 = -10.214992523193
quality5 = -9.738236427307
quality6 = -9.522089004517
quality7 = -9.852213859558
quality8 = -9.918781280518
quality9 = -12.724167823792
quality10 = -12.251056671143
quality11 = -9.014576911926
quality12 = -8.560237884521
quality13 = -12.916013717651
quality14 = -11.474054336548
quality15 = -14.901957511902
quality16 = -11.279125213623
quality17 = -11.853111267090
quality18 = -9.958607673645
quality19 = -10.834389686584
quality20 = -9.358896255493