%×îÖÕ½á¹û
quality1 = -9.941690444946
quality2 = -8.566140174866
quality3 = -13.083080291748
quality4 = -10.896583557129
quality5 = -10.539772033691
quality6 = -9.984300613403
quality7 = -10.321377754211
quality8 = -10.172895431519
quality9 = -12.329084396362
quality10 = -9.806303977966
quality11 = -9.659408569336
quality12 = -9.369277954102
quality13 = -13.553115844727
quality14 = -11.329054832458
quality15 = -10.085432052612
quality16 = -10.715279579163
quality17 = -13.523986816406
quality18 = -10.558201789856
quality19 = -11.825376510620
quality20 = -10.376603126526