%×îÖÕ½á¹û
quality1 = -7.932839870453
quality2 = -7.324900627136
quality3 = -10.614371299744
quality4 = -9.443503379822
quality5 = -8.816396713257
quality6 = -8.354317665100
quality7 = -8.737183570862
quality8 = -8.792972564697
quality9 = -13.205431938171
quality10 = -9.349801063538
quality11 = -8.189442634583
quality12 = -8.213024139404
quality13 = -12.404400825500
quality14 = -12.186794281006
quality15 = -8.492120742798
quality16 = -11.510267257690
quality17 = -11.999494552612
quality18 = -9.220765113831
quality19 = -11.200961112976
quality20 = -9.009373664856