>> example
% orig作为输入
quality1 = -9.055875778198
quality2 = -8.821127891541
quality3 = -13.320569038391
quality4 = -11.658604621887
quality5 = -10.234789848328
quality6 = -9.913097381592
quality7 = -10.230876922607
quality8 = -10.174638748169
quality9 = -10.729625701904
quality10 = -9.182150840759
quality11 = -9.628877639771
quality12 = -9.640137672424
quality13 = -13.334648132324
quality14 = -12.175528526306
quality15 = -12.311984062195
quality16 = -13.338804244995
quality17 = -13.307909011841
quality18 = -10.888803482056
quality19 = -11.598815917969
quality20 = -10.805139541626

% blurred image作为输入，0.png
quality1 = -9.418241500854
quality2 = -9.230997085571
quality3 = -13.473195075989
quality4 = -11.806566238403
quality5 = -10.708028793335
quality6 = -10.266905784607
quality7 = -10.633864402771
quality8 = -10.460235595703
quality9 = -11.123649597168
quality10 = -9.303167343140
quality11 = -10.265954017639
quality12 = -10.677303314209
quality13 = -13.326033592224
quality14 = -12.220168113708
quality15 = -12.514404296875
quality16 = -14.699968338013
quality17 = -13.353024482727
quality18 = -11.459115028381
quality19 = -11.874116897583
quality20 = -10.999060630798

% blurred image作为输入，3.png
quality1 = -9.150075912476
quality2 = -8.865152359009
quality3 = -13.719097137451
quality4 = -11.655359268188
quality5 = -10.395361900330
quality6 = -9.941341400146
quality7 = -10.361107826233
quality8 = -10.201998710632
quality9 = -10.934521675110
quality10 = -9.184814453125
quality11 = -9.773743629456
quality12 = -9.856578826904
quality13 = -13.343054771423
quality14 = -12.175707817078
quality15 = -12.598134040833
quality16 = -14.045479774475
quality17 = -13.554693222046
quality18 = -10.983947753906
quality19 = -11.717774391174
quality20 = -10.803813934326