% ×îÖÕ½á¹û
quality1 = -7.473427295685
quality2 = -7.726517677307
quality3 = -10.650945663452
quality4 = -10.593110084534
quality5 = -9.466790199280
quality6 = -8.989759445190
quality7 = -9.326929092407
quality8 = -10.895909309387
quality9 = -12.901062011719
quality10 = -9.980072021484
quality11 = -8.468532562256
quality12 = -8.539855003357
quality13 = -11.863639831543
quality14 = -11.513309478760
quality15 = -10.919459342957
quality16 = -8.958264350891
quality17 = -10.994204521179
quality18 = -9.911767005920
quality19 = -9.840668678284
quality20 = -9.802450180054